Introducing contestants...
* Player 1, weighing 22 bytes, "Batman" ("This city needs me") !
* Player 2, weighing 320 bytes, "Jumper !" ("en fait C forker !") !
* Player 3, weighing 670 bytes, "King Sombra" ("Crystal empire is mine!") !
0x0000 : 0b 68 01 00 07 00 01 01 ff ff ff ff 02 90 00 00 00 00 02 09 ff ed 00 00 00 00 00 00 00 00 00 00 00 00 00 00 00 00 00 00 00 00 00 00 00 00 00 00 00 00 00 00 00 00 00 00 00 00 00 00 00 00 00 00 
0x0040 : 00 00 00 00 00 00 00 00 00 00 00 00 00 00 00 00 00 00 00 00 00 00 00 00 00 00 00 00 00 00 00 00 00 00 00 00 00 00 00 00 00 00 00 00 00 00 00 00 00 00 00 00 00 00 00 00 00 00 00 00 00 00 00 00 
0x0080 : 00 00 00 00 00 00 00 00 00 00 00 00 00 00 00 00 00 00 00 00 00 00 00 00 00 00 00 00 00 00 00 00 00 00 00 00 00 00 00 00 00 00 00 00 00 00 00 00 00 00 00 00 00 00 00 00 00 00 00 00 00 00 00 00 
0x00c0 : 00 00 00 00 00 00 00 00 00 00 00 00 00 00 00 00 00 00 00 00 00 00 00 00 00 00 00 00 00 00 00 00 00 00 00 00 00 00 00 00 00 00 00 00 00 00 00 00 00 00 00 00 00 00 00 00 00 00 00 00 00 00 00 00 
0x0100 : 00 00 00 00 00 00 00 00 00 00 00 00 00 00 00 00 00 00 00 00 00 00 00 00 00 00 00 00 00 00 00 00 00 00 00 00 00 00 00 00 00 00 00 00 00 00 00 00 00 00 00 00 00 0b 54 03 04 05 09 00 13 00 00 00 
0x0140 : 00 00 00 00 00 00 00 00 00 00 00 00 00 0b 54 03 04 05 09 00 13 00 00 00 00 00 00 00 00 00 00 00 00 00 00 00 00 0b 54 03 04 05 09 00 13 00 00 00 00 00 00 00 00 00 00 00 00 00 00 00 00 0b 54 03 
0x0180 : 04 05 09 00 13 00 00 00 00 00 00 00 00 00 00 00 00 00 00 00 00 0b 54 03 04 05 09 00 13 00 00 00 00 00 00 00 00 00 00 00 00 00 00 00 00 0b 54 03 04 05 09 00 13 00 00 00 00 00 00 00 00 00 00 00 
0x01c0 : 00 00 00 00 00 0b 54 03 04 05 09 00 13 00 00 00 00 00 00 00 00 00 00 00 00 00 00 00 00 0b 54 03 04 05 09 00 13 00 00 00 00 00 00 00 00 00 00 00 00 00 00 00 00 0b 54 03 04 05 09 00 13 00 00 00 
0x0200 : 00 00 00 00 00 00 00 00 00 00 00 00 00 0b 54 03 04 05 09 00 13 00 00 00 00 00 00 00 00 00 00 00 00 00 00 00 00 0b 54 03 04 05 09 00 13 00 00 00 00 00 00 00 00 00 00 00 00 00 00 00 00 0b 54 03 
0x0240 : 04 05 09 00 13 00 00 00 00 00 00 00 00 00 00 00 00 00 00 00 00 0b 54 03 04 05 09 00 13 00 00 00 00 00 00 00 00 00 00 00 00 00 00 00 00 0b 54 03 04 05 09 00 13 00 00 00 00 00 00 00 00 00 00 00 
0x0280 : 00 00 00 00 00 0b 54 03 04 05 09 00 13 00 00 00 00 00 00 00 00 00 00 00 00 00 00 00 00 0b 54 03 04 05 09 00 13 00 00 00 00 00 00 00 00 00 00 00 00 00 00 00 00 0b 54 03 04 05 09 00 13 00 00 00 
0x02c0 : 00 00 00 00 00 00 00 00 00 00 00 00 00 0b 54 03 04 05 09 00 13 00 00 00 00 00 00 00 00 00 00 00 00 00 00 00 00 0b 54 03 04 05 09 00 13 00 00 00 00 00 00 00 00 00 00 00 00 00 00 00 00 0b 54 03 
0x0300 : 04 05 09 00 13 00 00 00 00 00 00 00 00 00 00 00 00 00 00 00 00 0b 54 03 04 05 09 00 13 00 00 00 00 00 00 00 09 00 00 0c 00 00 00 00 00 0b 54 03 04 05 09 00 13 00 00 00 00 00 00 00 09 00 00 0c 
0x0340 : 00 00 00 00 00 0b 54 03 04 05 09 00 13 00 00 00 00 00 00 00 09 00 00 0c 00 00 00 00 00 0b 54 03 04 05 09 00 13 00 00 00 00 00 00 00 09 00 00 0c 00 00 00 00 00 0b 54 03 04 05 09 00 13 00 00 00 
0x0380 : 00 00 00 00 09 00 00 0c 00 00 00 00 00 0b 54 03 04 05 09 00 13 00 00 00 00 00 00 00 09 00 00 0c 00 00 00 00 00 0b 54 03 04 05 09 00 13 00 00 00 00 00 00 00 09 00 00 0c 00 00 00 00 00 0b 54 03 
0x03c0 : 04 05 09 00 13 00 00 00 00 00 00 00 09 00 00 0c 00 00 00 00 00 0b 54 03 04 05 09 00 13 00 00 00 00 00 00 00 09 00 00 0c 00 00 00 00 00 0b 54 03 04 05 09 00 13 00 00 00 00 00 00 00 09 00 00 0c 
0x0400 : 00 00 00 00 00 0b 54 03 04 05 09 00 13 00 00 00 00 00 00 00 09 00 00 0c 00 00 00 00 00 0b 54 03 04 05 09 00 13 00 00 00 00 00 00 00 09 00 00 0c 00 00 00 00 00 0b 54 03 04 05 09 00 13 00 00 00 
0x0440 : 00 00 00 00 09 00 00 0c 00 00 00 00 00 0b 54 03 04 05 09 00 13 00 00 00 00 00 00 00 09 00 00 0c 00 00 00 00 00 0b 54 03 04 05 09 00 13 00 00 00 00 00 00 00 09 00 00 0c 00 00 00 00 00 0b 54 03 
0x0480 : 04 05 09 00 13 00 00 00 00 00 00 00 09 00 00 0c 00 00 00 00 00 0b 54 03 04 05 09 00 13 00 00 00 00 00 00 00 09 00 00 0c 00 00 00 00 00 0b 54 03 04 05 09 00 13 00 00 00 00 00 00 00 09 00 00 0c 
0x04c0 : 00 00 00 00 00 0b 54 03 04 05 09 00 13 ff ff ff fe 0a 94 ff 09 00 00 0c 64 01 ff 53 03 0b 54 03 04 05 09 00 13 03 06 09 00 00 00 00 09 00 00 0c 00 00 00 00 00 0b 54 03 04 05 09 00 13 00 00 00 
0x0500 : 00 00 00 00 09 00 00 0c 00 00 00 00 00 0b 54 03 04 05 09 00 13 00 00 00 00 00 00 00 09 00 00 0c 00 00 00 00 00 0b 54 03 04 05 09 00 13 00 00 00 00 00 00 00 09 00 00 0c 00 00 00 00 00 0b 54 03 
0x0540 : 04 05 09 00 13 00 00 00 00 00 00 00 09 00 00 0c 00 00 00 00 00 0b 54 03 04 05 09 00 13 ff fc 02 d0 00 3f 01 09 00 00 0c 00 00 07 09 00 0b 54 03 04 05 09 00 13 ff fb 03 01 0b 64 01 09 00 00 0c 
0x0580 : 54 03 04 03 08 0b 54 03 04 05 09 00 13 90 00 00 00 00 07 09 09 00 00 0c 03 03 03 09 ff 0b 54 03 04 05 09 00 13 00 07 00 01 01 ff ff 09 00 00 0c 02 ff b6 ff c4 0b 54 03 04 05 09 00 13 00 00 00 
0x05c0 : 00 02 90 00 09 00 00 0c 0b 68 01 ff a6 0b 54 03 04 00 00 00 00 01 0b 68 01 00 23 00 09 00 00 0c 00 21 00 01 0b 0b 54 03 04 00 00 00 1c 01 00 1d 00 01 0b 68 09 00 00 0c 01 01 ff ff ff 0b 54 03 
0x0600 : 04 05 09 00 13 ff ff fe 01 ff ff ff 09 00 00 0c ff fe 09 ff e7 0b 54 03 04 05 09 00 13 00 07 00 01 01 ff ff 09 00 00 0c d3 0b 68 01 00 0b 54 03 04 05 09 00 13 00 09 0b 68 01 00 0e 09 00 00 0c 
0x0640 : 01 00 07 00 19 0b 54 03 04 05 09 00 13 01 ff ff ff fe 0c ff 09 00 00 0c ff fe 0c 00 0b 0b 54 03 04 05 09 00 13 01 ff ff ff fe 0a 94 09 00 00 0c 0b 64 01 00 11 0b 54 03 04 05 09 00 13 05 03 06 
0x0680 : 09 ff ff ff fe 00 00 0c 00 07 09 ff db 0b 54 03 04 05 09 00 13 00 00 00 00 00 00 00 09 00 00 0c 00 00 00 00 00 0b 54 03 04 05 09 00 13 00 00 00 00 00 00 00 09 00 00 0c 00 00 00 00 00 0b 54 03 
0x06c0 : 04 00 00 00 04 00 00 00 00 00 00 00 09 00 00 0c 00 00 00 00 00 0b 54 03 04 00 00 00 00 00 00 00 00 00 00 00 09 00 00 0c 00 00 00 00 00 00 00 00 00 00 00 00 00 00 00 00 00 00 00 00 09 00 00 0c 
0x0700 : 00 00 00 00 00 00 00 00 00 00 00 00 00 00 00 00 00 00 00 00 09 00 00 0c 00 00 00 00 00 00 00 00 00 00 00 00 00 00 00 00 00 00 00 00 09 00 00 0c 00 00 00 00 00 00 00 00 00 00 00 00 00 00 00 00 
0x0740 : 00 00 00 00 09 00 00 0c 00 00 00 00 00 00 00 00 00 00 00 00 00 00 00 00 00 00 00 00 09 00 00 0c 00 00 00 00 00 00 00 00 00 00 00 00 00 00 00 00 00 00 00 00 09 00 00 0c 00 00 00 00 00 00 00 00 
0x0780 : 00 00 00 00 00 00 00 00 00 00 00 00 09 00 00 0c 00 00 00 00 00 00 00 00 00 00 00 00 00 00 00 00 00 00 00 00 09 00 00 0c 00 00 00 00 00 00 00 00 00 00 00 00 00 00 00 00 00 00 00 00 09 00 00 0c 
0x07c0 : 00 00 00 00 00 00 00 00 00 00 00 00 00 00 00 00 00 00 00 00 09 00 00 0c 00 00 00 00 00 00 00 00 00 00 00 00 00 00 00 00 00 00 00 00 09 00 00 0c 00 00 00 00 00 00 00 00 00 00 00 00 00 00 00 00 
0x0800 : 00 00 00 00 09 00 00 0c 00 00 00 00 00 00 00 00 00 00 00 00 00 00 00 00 00 00 00 00 09 00 00 0c 00 00 00 00 00 00 00 00 00 00 00 00 00 00 00 00 00 00 00 00 09 00 00 0c 00 00 00 00 00 00 00 00 
0x0840 : 00 00 00 00 00 00 00 00 00 00 00 00 09 00 00 0c 00 00 00 00 00 00 00 00 00 00 00 00 00 00 00 00 00 00 00 00 09 00 00 0c 00 00 00 00 00 00 00 00 00 00 00 00 00 00 00 00 00 00 00 00 09 00 00 0c 
0x0880 : 00 00 00 00 00 00 00 00 00 00 00 00 00 00 00 00 00 00 00 00 09 00 00 0c 00 00 00 00 00 00 00 00 00 00 00 00 00 00 00 00 00 00 00 00 00 00 00 00 00 00 00 00 00 00 00 00 00 00 00 00 00 00 00 00 
0x08c0 : 00 00 00 00 00 00 00 00 00 00 00 00 00 00 00 00 00 00 00 00 00 00 00 00 00 00 00 00 00 00 00 00 00 00 00 00 00 00 00 00 00 00 00 00 00 00 00 00 00 00 00 00 00 00 00 00 00 00 00 00 00 00 00 00 
0x0900 : 00 00 00 00 00 00 00 00 00 00 00 00 00 00 00 00 00 00 00 00 00 00 00 00 00 00 00 00 00 00 00 00 00 00 00 00 00 00 00 00 00 00 00 00 00 00 00 00 00 00 00 00 00 00 00 00 00 00 00 00 00 00 00 00 
0x0940 : 00 00 00 00 00 00 00 00 00 00 00 00 00 00 00 00 00 00 00 00 00 00 00 00 00 00 00 00 00 00 00 00 00 00 00 00 00 00 00 00 00 00 00 00 00 00 00 00 00 00 00 00 00 00 00 00 00 00 00 00 00 00 00 00 
0x0980 : 00 00 00 00 00 00 00 00 00 00 00 00 00 00 00 00 00 00 00 00 00 00 00 00 00 00 00 00 00 00 00 00 00 00 00 00 00 00 00 00 00 00 00 00 00 00 00 00 00 0f 00 00 0f 0f 00 00 0f 00 00 00 00 00 00 00 
0x09c0 : 00 00 00 00 00 00 00 00 00 00 00 00 00 00 00 00 00 00 00 00 00 00 00 00 00 00 00 00 00 00 00 00 00 00 00 00 00 00 00 00 00 00 00 00 00 00 00 00 00 00 00 00 00 00 00 00 00 00 00 00 00 00 00 00 
0x0a00 : 00 00 00 00 00 00 00 00 00 00 00 00 00 00 00 00 00 00 00 00 00 00 00 00 00 00 00 00 00 00 00 00 00 00 00 00 00 00 00 00 00 00 00 00 00 00 00 00 00 00 00 00 00 00 00 00 00 00 00 00 00 00 00 00 
0x0a40 : 00 00 00 00 00 00 00 00 00 00 00 00 00 00 00 00 00 00 00 00 00 00 00 00 00 00 00 00 00 00 00 00 00 00 00 00 00 00 00 00 00 00 00 00 00 00 00 00 00 00 00 00 00 00 00 00 00 00 00 00 00 00 00 00 
0x0a80 : 00 00 00 00 00 00 00 00 00 00 00 00 00 00 00 00 00 00 00 00 00 00 00 00 00 00 00 00 00 00 00 00 00 00 00 00 00 00 00 00 00 00 0c 00 50 01 00 00 00 00 0c 00 52 02 90 0f 00 00 0f 02 02 90 00 00 
0x0ac0 : 00 01 0c 02 90 00 00 00 28 0b 03 00 00 00 00 03 70 10 ff fc 01 ff ff ff fd 03 70 10 fe d4 03 70 02 fe d3 03 70 02 fe d2 05 54 0b 0c 0b 09 00 21 02 90 00 00 00 00 10 09 ff dd 02 90 00 00 00 00 
0x0b00 : 10 09 01 ce 02 90 00 00 00 00 10 09 01 8b 0a a4 ff c6 00 01 0d 02 90 00 00 00 00 10 03 70 0d 00 06 01 ff ff ff fd 0c ff fb 03 70 0d 00 06 01 00 00 00 00 0c 00 2c 02 90 0b 54 0a 0b 0a 02 90 08 
0x0b40 : 0c 01 00 07 02 90 00 00 01 11 08 02 90 00 00 01 0e 0b 02 90 00 00 00 00 0c 0c 00 2c 09 01 2b 02 90 0c 0b 54 07 0a 03 50 0d 07 02 90 00 00 01 14 08 02 90 00 00 01 12 0b 02 90 00 00 00 00 0c 0c 
0x0b80 : 00 06 09 01 05 09 00 03 0b 54 0a 0b 0c 0b 54 07 08 0c 01 00 00 00 00 0b 54 0a 0b 0c 0b 54 07 08 0c 01 00 00 00 00 0b 54 0a 0b 0c 0b 54 07 08 0c 01 00 00 00 00 0b 54 0a 0b 0c 0b 54 07 08 0c 01 
0x0bc0 : 00 00 00 00 0b 54 0a 0b 0c 0b 54 07 08 0c 01 00 00 00 00 0b 54 0a 0b 0c 0b 54 07 08 0c 01 00 00 00 00 0b 54 0a 0b 0c 0b 54 07 08 0c 01 00 00 00 00 0b 54 0a 0b 0c 0b 54 07 08 0c 01 00 00 00 00 
0x0c00 : 0b 54 0a 0b 0c 0b 54 07 08 0c 01 00 00 00 00 0b 54 0a 0b 0c 0b 54 07 08 0c 01 00 00 00 00 0b 54 0a 0b 0c 0b 54 07 08 0c 01 00 00 00 00 0b 54 0a 0b 0c 0b 54 07 08 0c 01 00 00 00 00 0b 54 0a 0b 
0x0c40 : 0c 0b 54 07 08 0c 01 00 00 00 00 0b 54 0a 0b 0c 0b 54 07 08 0c 01 00 00 00 00 0b 54 0a 0b 0c 0b 54 07 08 0c 01 00 00 00 00 0b 54 0a 0b 0c 0b 54 07 08 0c 01 00 00 00 00 0b 54 0a 0b 0c 0b 54 07 
0x0c80 : 08 0c 01 00 00 00 00 0b 54 0a 0b 0c 0b 54 07 08 0c 01 00 00 00 00 01 00 00 00 00 02 90 0b 54 06 07 0a 02 90 05 09 01 f5 0b 02 90 09 00 00 0c 03 02 90 09 00 00 0c 06 02 90 00 00 00 1a 07 02 90 
0x0cc0 : 00 00 01 ef 04 02 90 00 00 00 00 05 09 00 6a 01 00 00 00 00 02 90 0b 54 06 07 0a 02 90 05 09 01 f5 0b 0c 00 29 02 90 0b 54 03 04 03 02 90 0b 54 03 04 06 02 90 00 00 01 fb 07 02 90 00 00 00 18 
0x0d00 : 04 02 90 00 00 00 00 05 09 00 2e 01 00 00 00 00 02 90 05 09 00 13 03 02 90 05 09 00 13 06 02 90 00 00 01 ff 07 02 90 00 00 00 1c 04 02 90 00 00 00 00 05 09 00 03 01 00 00 00 00 03 70 0a 01 ff 
0x0d40 : 03 70 0b 01 fe 09 01 f5 00 00 00 00 00 00 00 00 00 00 00 00 00 00 00 00 00 00 00 00 00 00 00 00 00 00 00 00 00 00 00 00 00 00 00 00 00 00 00 00 00 00 00 00 00 00 00 00 00 00 00 00 00 00 00 00 
0x0d80 : 00 00 00 00 00 00 00 00 00 00 00 00 00 00 00 00 00 00 00 00 00 00 00 00 00 00 00 00 00 00 00 00 00 00 00 00 00 00 00 00 00 00 00 00 00 00 00 00 00 00 00 00 00 00 00 00 00 00 00 00 00 00 00 00 
0x0dc0 : 00 00 00 00 00 00 00 00 00 00 00 00 00 00 00 00 00 00 00 00 00 00 00 00 00 00 00 00 00 00 00 00 00 00 00 00 00 00 00 00 00 00 00 00 00 00 00 00 00 00 00 00 00 00 00 00 00 00 00 00 00 00 00 00 
0x0e00 : 00 00 00 00 00 00 00 00 00 00 00 00 00 00 00 00 00 00 00 00 00 00 00 00 00 00 00 00 00 00 00 00 00 00 00 00 00 00 00 00 00 00 00 00 00 00 00 00 00 00 00 00 00 00 00 00 00 00 00 00 00 00 00 00 
0x0e40 : 00 00 00 00 00 00 00 00 00 00 00 00 00 00 00 00 00 00 00 00 00 00 00 00 00 00 00 00 00 00 00 00 00 00 00 00 00 00 00 00 00 00 00 00 00 00 00 00 00 00 00 00 00 00 00 00 00 00 00 00 00 00 00 00 
0x0e80 : 00 00 00 00 00 00 00 00 00 00 00 00 00 00 00 00 00 00 00 00 00 00 00 00 00 00 00 00 00 00 00 00 00 00 00 00 00 00 00 00 00 00 00 00 00 00 00 00 00 00 00 00 00 00 00 00 00 00 00 00 00 00 00 00 
0x0ec0 : 00 00 00 00 00 00 00 00 00 00 00 00 00 00 00 00 00 00 00 00 00 00 00 00 00 00 00 00 00 00 00 00 00 00 00 00 00 00 00 00 00 00 00 00 00 00 00 00 00 00 00 00 00 00 00 00 00 00 00 00 00 00 00 00 
0x0f00 : 00 00 00 00 00 00 00 00 00 00 00 00 00 00 00 00 00 00 00 00 00 00 00 00 00 00 00 00 00 00 00 00 00 00 00 00 00 00 00 00 00 00 00 00 00 00 00 00 00 00 00 00 00 00 00 00 00 00 0b 54 06 07 05 09 
0x0f40 : 01 f5 00 00 00 00 00 00 00 00 00 00 00 00 00 00 00 00 00 00 09 00 00 0c 00 00 00 00 00 00 00 00 00 00 00 00 00 00 00 00 00 00 00 00 00 00 00 00 00 00 00 00 00 00 00 00 00 00 00 00 00 00 00 00 
0x0f80 : 00 00 00 00 00 00 00 00 00 00 00 00 00 00 00 00 00 00 00 00 00 00 00 00 00 00 00 00 00 00 00 00 00 00 00 00 00 00 00 00 00 00 00 00 00 00 00 00 00 00 00 00 00 00 00 00 00 00 00 00 00 00 00 00 
0x0fc0 : 00 00 00 00 00 00 00 00 00 00 00 00 00 00 00 00 00 00 00 00 00 00 00 00 00 00 00 00 00 00 00 00 00 00 00 00 00 00 00 00 00 00 00 00 00 00 00 00 00 00 00 00 00 00 00 00 00 00 00 00 00 00 00 00 
